0.011427047
0.008214378
0.010145155
0.009631664
0.008296199
0.006716034
0.003881222
0.003673385
0.003274838
0.003438311
0.002853576
0.002644886
0.002226084
0.002421788
0.002061391
0.00191614
0.001684336
0.001816061
0.001550648
0.001209263
0.00126262
0.001350965
0.001666204
0.001694349
0.001768703
0.001433013
0.001357319
0.001632273
0.001805676
0.001987065
0.002198064
0.002433635
0.002659929
0.003128937
0.003439889
0.004014783
0.004756697
0.005570447
0.006436554
0.007658686
0.009297551
0.010879558
0.01302409
0.01529735
0.01767406
0.021261594
0.024659859
0.029009979
0.034081144
0.039566163
0.046519076
0.054284133
0.062952821
0.072319598
0.083665772
0.096473185
0.110513962
0.126709859
0.144751014
0.163931382
0.185862862
0.208377516
0.235290055
0.265553435
0.300483538
0.338067933
0.379074009
0.428365005
0.479553575
0.537746602
0.595255827
0.659912671
0.724047252
0.788468159
0.849389579
0.904298309
0.949085455
0.981497907
1
0.998495456
0.985122476
0.957494864
0.915793425
0.86729768
0.811257134
0.757150621
0.700998479
0.648766273
0.601778628
0.558456307
0.522211359
0.488160685
0.457197201
0.431539782
0.403894681
0.380369292
0.355498676
0.333165717
0.311300187
0.289096164
0.267694505
0.249034725
0.230102699
0.215334548
0.201197736
0.189099439
0.177864861
0.168463242
0.160236121
0.153590905
0.147963701
0.142886948
0.13850086
0.13555052
0.132613325
0.130688644
0.128943629
0.127388889
0.12663804
0.127025484
0.127260161
0.128424389
0.129716367
0.131527392
0.133570886
0.136364236
0.138938322
0.142137196
0.145734911
0.149709206
0.154041438
0.157898684
0.161378311
0.165039486
0.168518817
0.171545689
0.17371966
0.175734906
0.177543263
0.178382974
0.178405056
0.178756294
0.178936359
0.178582009
0.177667605
0.177116887
0.175440578
0.174593457
0.172072398
0.170116283
0.167333056
0.165078908
0.162331841
0.159336685
0.154905899
0.151317491
0.146791426
0.142945814
0.138248087
0.132972833
0.127820571
0.122626976
0.117338961
0.112618574
0.107644436
0.101691826
0.096906141
0.09246221
0.087401566
0.082863438
0.078180946
0.073842474
0.069307384
0.065104947
0.061357089
0.058108285
0.053882818
0.050179732
0.046610753
0.04388113
0.040655179
0.037812404
0.035189026
0.032995182
0.03087609
0.028902621
0.027058651
0.025299082
0.023851196
0.02260977
0.021041514
0.01975622
0.018719297
0.017846789
0.016659916
0.015860916
0.015069727
0.01421274
0.01337417
0.012557051
0.011785875
0.011342531
0.010770129
0.010302862
0.009801831
0.0093787
0.008909067
0.008217891
0.008088895
0.007606746
0.0073569
0.007008479
0.006701005
0.006507975
0.005906269
0.005682043
0.005574966
0.005382865
0.005144794
0.005012202
0.004782251
0.004550585
0.004514277
0.004355686
0.004298325
0.004236012
0.004173976
0.003993852
0.003821688
0.00384322
0.003724568
0.003785669
0.003820659
0.003618632
0.003646442
0.003578155
0.003624972
0.003493147
0.003522624
0.003739877
0.003761592
0.003775094
0.00381831
0.003787231
0.003756027
0.003820862
0.003877653
0.004075313
0.00406834
0.004068229
0.00422224
0.004282181
0.004324929
0.004353452
0.00436586
0.004647239
0.004452238
0.004717955
0.004777343
0.004863827
0.005113065
0.00515712
0.00514021
0.005179937
0.005203996
0.005104751
0.005221945
0.005581088
0.005644183
0.005525306
0.005680842
0.005549447
0.005615118
0.005670492
0.005991601
0.005923798
0.005681346
0.005700561
0.005784274
0.00576191
0.005714084
0.005927197
0.005993246
0.005902851
0.005802977
0.005714529
0.005603816
0.005578334
0.005664728
0.005553876
0.005608723
0.00571561
0.005583652
0.005390406
0.005167772
0.005387483
0.005446832
0.005296978
0.005062119
0.005114497
0.005038132
0.004873511
0.004867605
0.004915143
0.004842842
0.004583234
0.004463105
0.004548233
0.00453749
0.004544753
0.004504299
0.004608898
0.004566687
0.004551458
0.004218443
0.004203211
0.004247213
0.00421445
0.004416578
0.004426899
0.004350483
0.00421794
0.003936768
0.004108225
0.004183824
0.004136424
0.004102914
0.00403035
0.003931391
0.003845118
0.003874824
0.003762814
0.003509508
0.003886299
0.003552027
0.003361524
0.003398475
0.003212804
0.003286831
0.003139877
0.002984038
0.003159199
0.003279333
0.003120284
0.003249097
0.002986664
0.003270113
0.003012134
0.003077798
0.003251548
0.003262942
0.003157418
0.003248669
0.003314255
0.003302991
0.003445408
0.003476026
0.003811948
0.00360973
0.003489751
0.003193587
0.003443715
0.003790057
0.004021772
0.004359741
0.004143848
0.004127226
0.004284425
0.004506231
0.005061131
0.005068071
0.005344916
0.005073408
0.005223965
0.005351799
0.00541525
0.005932548
0.005714449
0.006038339
0.006242119
0.006521994
0.006027692
0.006428523
0.006733995
0.006810579
0.007101941
0.007437988
0.007272447
0.007235786
0.007284829
0.007873292
0.007883699
0.009170152
0.008243854
0.008457235
0.008845737
0.008795405
0.008932622
0.009221731
0.009617694
0.009703989
